$coord
        5.20709041568750        0.08678704318898        0.55229981431927      c
        3.10226973508768        0.06755544945509       -1.06468746503549      o
        1.02246512775927       -1.24749711561705       -0.07451287890492      c
       -1.27683547653854       -1.21795114126138       -1.83978781251761      c
       -2.95085948186469       -0.34280811159483        0.40510788995436      c
       -4.55842997185425        1.83352887251032        0.11367244973495      n
       -0.54754903640461        0.10746302433197        1.98100146982200      c
        4.77292455050124        1.00763774014005        2.35641615555578      h
        6.68326281243723        1.14111178434435       -0.41704709637926      h
        5.87182724030173       -1.84074585464416        0.93485146800912      h
        1.59343080347450       -3.16226835522970        0.49753755484255      h
       -1.76443827630225       -3.00408525970755       -2.72941821942971      h
       -1.06353971752739        0.23457429406090       -3.27990973600454      h
       -4.10257093102929       -1.88434056485636        1.15487911077380      h
       -6.01753278557168        1.44908667593230       -1.06801025819988      h
       -3.56345744165183        3.29777333599127       -0.62453674840015      h
       -0.08472453184138        2.10732372365584        2.09776101124691      h
       -0.51921141076318       -0.71678101694060        3.86162978231538      h
$end
