           1           2  0.99533747827836727     
           2           3  0.98393620184477859     
           3           4  0.98894704338518402     
           4           5  0.96891578089623775     
           5           6   1.0362535637409487     
           3           7  0.97721811335215802     
           5           7  0.98784012597054938     
           1           8  0.97811066978038608     
           1           9  0.98041645425571111     
           1          10  0.97660804770369569     
           3          11  0.96249780569738663     
           4          12  0.98227529225889398     
           4          13  0.97604612976851968     
           5          14  0.96986330641883467     
           6          15  0.96389991860682800     
           6          16  0.96229016941042744     
           7          17  0.97564395954469485     
           7          18  0.98257726861346262     
